,0
R2,0.5724096406576126
Mean Abs Error,0.08831575747053248
Root Mean Squared Error,0.10932347452936036
Time,15.791044473648071
